sym_nr,pis,ko,psl,konf,lew,bs,inni
0,37.78,29.485,9.743,10.424,9.563,2.276,0.73
1,38.248,30.343,8.988,10.421,8.27,2.526,1.205
2,38.029,29.031,10.596,10.622,9.027,2.138,0.557
3,38.423,27.995,10.141,12.162,9.182,1.263,0.835
4,39.052,28.193,10.87,9.59,9.866,1.969,0.46
5,34.89,32.633,9.172,10.365,8.736,3.267,0.938
6,40.993,27.096,9.213,10.692,9.651,1.921,0.433
7,36.207,29.719,10.141,10.098,10.975,2.156,0.704
8,36.551,28.884,10.454,11.248,10.509,1.329,1.026
9,37.198,29.094,9.346,10.603,10.629,2.533,0.597
10,37.813,29.263,9.628,9.597,10.232,2.647,0.819
11,36.551,28.99,10.338,11.735,9.439,1.923,1.024
12,36.795,30.93,9.296,11.019,8.146,2.899,0.914
13,35.236,29.36,10.335,11.794,10.651,1.698,0.926
14,37.842,29.442,9.215,11.578,8.997,2.408,0.518
15,38.602,29.866,9.237,9.558,9.491,2.413,0.832
16,38.675,27.973,10.392,11.206,8.443,2.918,0.393
17,36.64,31.011,9.546,9.888,9.575,2.94,0.401
18,36.009,31.149,10.84,9.818,9.363,1.945,0.876
19,37.883,28.56,9.677,10.304,9.733,2.725,1.118
20,36.626,28.192,11.634,9.817,10.808,2.181,0.742
21,39.178,28.819,10.297,9.972,8.646,2.081,1.006
22,36.875,29.465,10.08,11.632,8.883,2.649,0.417
23,37.26,28.721,10.43,11.385,9.944,2.078,0.182
24,34.827,31.687,10.281,10.143,9.729,2.716,0.616
25,39.746,27.749,10.284,10.318,8.723,2.686,0.494
26,36.813,29.492,10.141,10.946,10.203,1.917,0.489
27,36.397,32.299,8.339,8.999,9.901,3.222,0.843
28,38.131,30.387,9.434,9.411,9.573,2.385,0.68
29,38.326,29.419,10.157,10.657,9.005,1.78,0.656
30,34.768,31.088,10.029,11.82,9.363,2.607,0.326
31,37.142,29.948,9.597,10.059,10.126,2.266,0.863
32,38.337,30.024,9.083,11.081,7.808,2.818,0.849
33,40.065,28.738,11.599,8.856,7.473,1.985,1.284
34,38.083,29.127,10.177,9.467,9.896,2.414,0.835
35,36.56,31.403,9.507,9.433,10.106,2.244,0.746
36,37.974,29.463,9.514,11.102,8.735,2.634,0.578
37,37.638,29.655,8.963,10.534,9.525,2.739,0.945
38,37.752,29.047,10.351,10.414,9.082,3.026,0.328
39,37.279,30.476,11.495,9.119,8.655,2.091,0.885
40,36.171,29.445,9.529,12.249,9.202,2.605,0.799
41,39.472,28.65,9.946,10.5,8.058,2.338,1.037
42,36.799,31.434,9.811,9.429,10.356,1.378,0.793
43,37.283,28.775,10.789,11.327,8.303,2.742,0.782
44,39.089,30.018,8.998,9.944,9.662,1.764,0.524
45,38.167,28.895,8.919,9.796,10.569,3.016,0.638
46,37.644,31.056,8.827,9.583,9.715,2.141,1.035
47,37.276,26.943,10.021,11.995,11.082,2.171,0.512
48,37.674,28.829,8.392,11.531,8.974,3.586,1.014
49,37.94,30.67,9.763,9.561,9.501,1.242,1.322
50,39.642,27.993,9.228,10.225,9.835,2.468,0.61
51,40.092,28.274,10.349,7.629,10.537,2.41,0.709
52,41.713,27.121,9.414,10.03,8.374,2.631,0.718
53,38.401,26.804,10.826,11.534,9.785,2.104,0.546
54,36.301,31.874,9.685,10.284,9.05,2.254,0.551
55,34.104,31.374,11.147,10.309,8.626,3.227,1.214
56,38.333,29.094,8.798,10.917,9.494,2.517,0.847
57,34.101,31.862,9.559,11.698,9.785,2.562,0.434
58,37.138,28.582,8.875,11.994,10.281,2.376,0.753
59,38.538,28.11,9.827,10.605,10.498,1.425,0.997
60,38.514,29.809,9.713,9.093,9.969,2.271,0.632
61,36.885,29.655,9.163,11.411,9.466,2.85,0.571
62,35.631,30.046,11.217,10.557,9.276,2.302,0.97
63,37.018,30.382,9.714,11.16,9.558,1.961,0.207
64,36.689,29.907,10.764,9.36,10.643,1.909,0.729
65,37.149,30.084,11.66,9.457,8.746,2.551,0.353
66,39.608,28.57,9.856,10.066,8.493,2.656,0.752
67,36.284,29.044,11.436,9.495,11.333,2.09,0.316
68,36.535,29.176,10.27,10.58,9.863,3.279,0.296
69,37.67,29.344,9.381,11.546,9.534,1.321,1.204
70,36.433,29.949,9.123,10.953,11.27,1.835,0.438
71,38.466,31.488,9.213,9.061,9.184,1.719,0.869
72,36.777,29.49,9.683,9.015,10.845,3.442,0.748
73,38.481,29.129,10.381,9.761,9.061,2.138,1.048
74,36.01,30.164,10.115,10.672,8.693,3.169,1.177
75,37.669,27.623,11.497,9.415,9.539,3.046,1.211
76,39.394,30.106,8.688,9.305,9.646,2.375,0.486
77,37.301,28.972,10.694,11.632,9.27,1.874,0.257
78,37.857,30.918,8.108,9.011,11.801,1.517,0.788
79,39.026,28.446,8.938,11.025,10.213,1.884,0.468
80,37.546,29.507,9.21,11.636,9.813,1.787,0.501
81,37.137,29.373,9.292,10.417,10.195,2.603,0.982
82,37.716,28.876,11.029,10.275,9.552,1.698,0.854
83,38.575,28.475,9.753,10.559,9.289,2.833,0.518
84,39.833,28.905,9.459,9.574,9.267,2.11,0.852
85,37.558,27.624,8.146,13.2,10.387,2.688,0.398
86,35.502,29.53,8.621,10.891,10.931,3.778,0.747
87,40.58,29.695,8.678,8.511,10.026,2.299,0.21
88,38.203,30.113,10.643,8.953,9.165,2.112,0.811
89,36.69,28.694,9.271,11.546,10.037,2.535,1.226
90,36.974,29.254,10.48,10.597,9.805,2.429,0.461
91,36.302,30.863,11.032,8.748,10.603,1.947,0.504
92,36.155,30.217,10.71,11.132,8.791,2.202,0.794
93,36.341,30.592,9.179,10.53,10.281,2.484,0.594
94,37.522,28.695,9.798,11.89,9.243,2.39,0.462
95,39.53,28.952,8.805,8.643,11.098,2.825,0.147
96,38.036,30.69,9.149,10.875,9.011,1.803,0.435
97,36.182,31.27,9.537,10.358,9.889,1.873,0.891
98,36.422,29.45,10.713,10.958,8.917,2.687,0.853
99,36.879,32.159,8.11,10.7,9.435,1.825,0.892
100,39.573,27.095,10.976,9.552,8.889,2.733,1.184
101,36.632,30.127,8.637,11.132,10.034,2.534,0.904
102,37.875,30.429,7.731,12.574,8.904,1.877,0.61
103,37.446,31.031,10.548,9.589,8.703,2.328,0.354
104,36.982,29.475,9.865,10.386,10.158,2.367,0.767
105,40.192,28.599,7.957,10.177,9.775,2.25,1.049
106,36.619,30.611,11.446,9.934,8.163,2.534,0.694
107,37.464,29.282,9.168,11.398,9.014,2.28,1.393
108,37.754,29.856,10.247,9.255,9.79,2.308,0.79
109,38.572,29.277,8.543,10.925,9.873,1.933,0.876
110,36.867,30.077,9.463,9.831,11.369,1.712,0.681
111,38.123,29.028,9.951,9.77,9.732,1.871,1.525
112,36.736,30.083,11.256,9.858,9.467,2.051,0.549
113,38.743,30.827,8.957,11.582,7.74,1.609,0.541
114,38.2,29.101,9.557,10.845,9.196,2.171,0.93
115,35.131,29.974,10.767,11.236,9.724,2.861,0.306
116,38.919,28.957,10.09,11.233,7.791,2.691,0.319
117,37.902,28.417,9.414,10.971,10.158,2.597,0.541
118,38.288,29.476,10.249,9.963,9.414,2.059,0.551
119,38.325,29.567,9.911,8.953,10.102,2.221,0.922
120,39.813,28.507,10.433,9.165,9.45,1.839,0.793
121,36.446,28.984,10.715,11.657,10.422,1.435,0.34
122,39.627,28.018,9.859,8.986,10.618,2.144,0.747
123,37.501,29.154,9.956,11.193,8.919,2.445,0.831
124,37.071,28.569,10.928,10.502,10.797,1.534,0.599
125,37.738,27.692,11.22,11.448,9.453,1.532,0.917
126,37.07,31.686,8.067,11.62,8.204,2.7,0.653
127,35.372,29.256,9.929,11.728,10.976,2.193,0.546
128,38.721,27.132,11.862,10.119,9.287,2.407,0.471
129,39.404,29.639,9.48,9.582,8.371,2.4,1.123
130,36.173,30.8,8.59,10.392,10.367,2.806,0.871
131,37.689,30.766,8.868,11.224,8.568,1.902,0.982
132,35.805,30.721,9.539,10.38,10.458,2.274,0.824
133,38.38,28.291,9.47,11.51,8.745,2.907,0.697
134,36.188,29.946,10.416,11.349,8.737,2.76,0.604
135,38.192,30.951,9.531,9.876,8.388,2.281,0.781
136,37.114,29.643,10.284,9.514,9.836,2.762,0.847
137,40.69,28.048,9.145,9.705,9.449,2.238,0.725
138,34.156,31.538,9.063,11.639,10.437,2.324,0.843
139,39.228,29.398,9.659,10.269,8.19,2.537,0.719
140,35.585,28.32,10.98,11.632,10.247,2.195,1.041
141,38.683,28.002,9.278,9.599,10.893,2.659,0.887
142,36.799,27.842,9.735,11.416,11.029,1.805,1.373
143,40.422,28.946,9.377,9.703,7.902,2.496,1.153
144,38.07,28.982,11.14,9.001,10.488,1.678,0.642
145,38.091,28.385,9.982,10.639,9.927,2.213,0.763
146,36.977,28.514,10.176,10.922,10.528,2.149,0.734
147,40.091,28.125,10.602,8.208,9.564,2.287,1.122
148,38.626,29.916,9.583,9.383,9.509,2.356,0.628
149,36.948,31.172,9.376,10.671,8.999,1.844,0.989
150,36.164,30.476,8.751,11.05,10.352,2.77,0.437
151,37.493,29.798,10.365,9.371,9.306,2.58,1.086
152,36.317,30.207,10.672,9.623,10.163,2.402,0.616
153,38.913,29.456,9.323,10.537,9.602,1.497,0.671
154,38.702,29.075,9.086,11.314,8.784,2.81,0.229
155,38.964,28.555,8.525,10.671,10.49,2.467,0.327
156,36.719,30.808,8.83,11.103,9.168,2.863,0.51
157,36.623,30.519,10.212,9.724,10.103,1.701,1.117
158,36.795,30.146,9.894,10.445,9.468,2.128,1.125
159,36.347,29.581,9.583,10.878,9.905,2.212,1.494
160,37.915,28.18,9.846,10.398,10.479,2.333,0.849
161,39.93,27.623,8.725,10.262,10.832,2.366,0.262
162,36.501,29.425,10.156,10.432,10.898,1.779,0.809
163,38.515,28.565,10.028,9.71,9.841,2.131,1.21
164,37.826,29.323,9.483,10.948,9.283,3.017,0.12
165,40.416,30.4,9.658,8.216,8.501,2.345,0.465
166,39.934,30.474,9.631,9.138,8.815,1.531,0.476
167,38.915,27.866,9.18,10.847,9.688,2.759,0.746
168,38.032,29.288,9.193,10.01,10.992,2.219,0.267
169,40.644,29.517,9.237,8.914,9.177,2.384,0.127
170,38.752,29.848,9.721,10.81,8.332,1.618,0.918
171,38.528,28.128,9.896,10.23,10.371,2.089,0.757
172,37.713,28.901,9.779,10.571,10.066,2.327,0.644
173,37.029,29.63,10.395,10.714,9.813,1.698,0.721
174,37.206,30.288,9.575,11.625,8.643,2.172,0.491
175,40.752,26.445,11.281,9.892,8.285,2.107,1.238
176,36.628,30.687,8.794,11.601,9.202,2.563,0.525
177,36.521,28.838,9.932,11.546,10.19,2.305,0.668
178,36.055,29.244,10.364,10.448,9.938,3.135,0.817
179,36.957,28.807,8.513,11.486,11.01,2.511,0.717
180,38.218,28.991,9.688,10.363,9.813,2.264,0.663
181,37.729,29.424,8.464,11.146,9.898,2.481,0.859
182,38.537,27.92,11.567,10.119,8.689,2.17,0.998
183,38.788,28.331,10.418,11.181,9.242,1.947,0.093
184,36.292,31.169,9.693,10.284,9.995,1.793,0.774
185,36.401,29.355,10.22,10.923,9.814,2.26,1.027
186,35.065,32.449,7.914,11.81,9.737,2.626,0.399
187,37.996,28.754,8.741,10.777,10.538,3.105,0.089
188,38.487,27.609,11.398,10.135,8.809,2.588,0.973
189,36.866,30.786,9.077,11.869,9.287,1.487,0.629
190,39.488,29.624,10.841,10.461,7.109,1.973,0.504
191,38.397,28.839,8.447,11.955,9.322,2.523,0.516
192,38.476,30.662,10.924,8.791,8.485,2.019,0.644
193,36.662,29.647,8.804,10.794,9.639,2.903,1.55
194,38.765,29.017,9.586,12.43,7.53,2.579,0.091
195,39.462,31.038,9.112,8.083,9.969,1.77,0.566
196,39.118,29.34,8.962,10.693,9.102,2.39,0.396
197,37.021,29.508,10.168,10.684,8.811,3.014,0.794
198,39.707,30.127,9.53,8.685,9.052,2.201,0.699
199,38.173,27.714,10.413,10.166,10.916,1.712,0.905
200,38.236,28.628,9.934,10.183,10.105,1.806,1.107
201,36.107,30.426,10.377,11.712,8.325,2.324,0.729
202,36.748,30.776,11.284,9.34,8.816,2.332,0.704
203,35.722,31.139,10.287,10.639,9.717,2.361,0.135
204,37.662,28.167,9.931,10.128,10.509,2.263,1.34
205,38.389,29.791,8.929,11.2,8.731,2.332,0.628
206,38.986,31.695,8.326,9.208,9.573,1.323,0.89
207,38.479,30.128,9.606,10.518,8.6,2.195,0.475
208,40.656,29.531,8.997,9.618,7.728,2.805,0.665
209,37.357,29.87,10.06,9.478,9.93,2.227,1.078
210,38.384,28.818,8.874,9.882,11.205,2.355,0.481
211,38.939,28.055,6.999,9.674,11.668,3.653,1.012
212,37.936,28.037,9.289,11.964,9.761,2.832,0.181
213,38.063,29.124,9.903,11.364,8.685,2.211,0.651
214,41.062,28.398,9.344,9.753,8.964,2.327,0.152
215,39.197,28.482,7.996,10.036,10.382,2.823,1.083
216,37.392,30.479,10.227,10.078,9.808,1.737,0.278
217,37.126,29.106,11.219,10.956,8.61,1.865,1.119
218,38.707,29.171,9.984,8.698,9.554,2.67,1.216
219,36.952,28.969,10.052,10.268,11.236,1.663,0.861
220,37.335,29.385,10.407,10.257,9.603,1.959,1.055
221,38.547,30.079,9.545,10.736,8.496,1.649,0.947
222,37.002,30.486,9.408,11.247,9.024,2.246,0.585
223,37.184,28.793,11.101,9.871,9.555,2.189,1.306
224,36.065,28.783,9.955,11.492,11.264,1.675,0.767
225,38.458,29.673,8.478,11.004,9.18,2.52,0.686
226,39.846,28.703,9.708,10.282,8.098,2.343,1.02
227,36.089,30.339,9.506,11.233,10.249,1.997,0.588
228,38.038,29.552,9.808,10.303,9.061,2.492,0.746
229,37.332,29.87,10.066,10.111,10.41,1.629,0.582
230,38.955,28.077,9.962,8.168,12.33,1.875,0.632
231,36.644,28.562,10.365,10.663,10.289,2.642,0.835
232,38.985,29.424,9.67,10.417,8.359,2.299,0.845
233,37.222,29.189,9.715,11.755,9.356,2.09,0.673
234,36.15,28.834,10.489,10.995,10.222,2.435,0.875
235,36.554,29.86,9.674,11.97,9.114,2.021,0.806
236,39.255,30.14,8.366,10.158,8.885,2.204,0.992
237,36.541,32.309,10.838,9.3,7.939,2.141,0.932
238,39.177,27.086,10.602,10.256,10.148,2.229,0.502
239,37.184,29.408,7.916,10.973,10.511,3.674,0.333
240,37.758,29.355,9.796,11.367,8.93,2.041,0.754
241,37.688,27.516,10.35,11.906,9.311,2.023,1.205
242,38.27,29.501,9.164,11.825,8.833,2.11,0.297
243,38.465,30.118,8.07,11.265,7.975,2.941,1.166
244,36.87,30.07,9.69,10.658,9.863,2.074,0.774
245,38.544,29.053,9.747,11.017,8.926,1.845,0.868
246,39.678,29.152,9.886,9.685,9.378,1.905,0.315
247,39.938,29.663,10.664,10.694,7.036,1.489,0.515
248,39.759,29.35,8.388,10.497,8.596,2.68,0.731
249,39.051,28.489,9.254,9.972,10.221,2.452,0.562
250,38.505,28.004,9.816,11.653,9.569,1.718,0.735
251,39.802,30.516,9.264,8.466,8.848,2.52,0.585
252,38.122,30.137,8.711,10.794,9.751,1.94,0.546
253,40.652,26.036,9.702,9.737,10.708,2.306,0.859
254,38.524,30.883,8.432,11.169,7.648,2.912,0.432
255,37.783,28.158,10.547,10.993,9.708,2.149,0.663
256,38.179,26.368,10.576,11.329,10.228,2.659,0.661
257,37.428,30.641,7.999,12.06,8.943,2.192,0.737
258,40.146,28.812,8.713,8.665,9.913,2.417,1.334
259,37.194,31.01,10.567,9.887,8.892,1.603,0.847
260,35.424,31.15,11.774,9.83,9.429,1.885,0.508
261,37.995,29.803,9.812,10.297,8.802,2.507,0.784
262,37.547,29.221,10.226,10.655,9.813,1.743,0.796
263,36.185,29.458,9.984,10.536,10.719,2.318,0.801
264,38.219,29.211,10.221,10.716,8.291,2.826,0.517
265,38.079,29.756,8.482,10.383,9.477,2.785,1.038
266,37.694,29.534,8.326,12.24,9.994,1.613,0.599
267,37.668,29.392,9.711,9.739,10.505,1.978,1.007
268,36.359,30.183,10.142,10.784,10.03,1.965,0.538
269,38.383,31.294,10.233,9.492,8.03,2.072,0.496
270,38.557,28.766,10.891,8.689,8.735,2.992,1.372
271,40.463,28.972,9.304,8.98,9.394,2.606,0.28
272,38.645,27.453,10.564,11.695,8.662,2.31,0.673
273,37.617,28.202,10.115,9.735,10.803,3.072,0.456
274,36.544,29.586,9.34,11.349,10.126,2.461,0.594
275,38.911,28.355,9.536,12.153,8.621,1.921,0.504
276,40.285,28.623,8.705,10.267,9.666,1.887,0.566
277,38.501,29.167,9.692,10.32,9.541,1.759,1.022
278,37.156,29.62,10.77,9.43,10.433,2.249,0.343
279,38.027,28.923,9.668,10.455,10.344,1.862,0.721
280,39.804,30.15,7.952,10.079,8.83,2.316,0.868
281,37.308,28.891,11.407,11.117,8.814,1.403,1.059
282,35.282,30.801,9.898,10.708,10.679,2.113,0.518
283,37.344,30.378,8.547,10.444,11.408,1.844,0.034
284,39.326,29.682,10.45,10.261,7.124,2.479,0.678
285,38.744,27.919,9.862,9.513,10.315,2.482,1.165
286,38.37,27.75,10.168,9.63,11.014,2.349,0.718
287,37.492,30.379,10.157,10.224,8.996,2.446,0.306
288,36.649,29.588,10.425,11.549,7.715,3.0,1.073
289,37.662,29.682,10.645,10.092,8.424,3.131,0.364
290,35.777,28.862,11.638,9.392,11.31,2.337,0.684
291,38.025,28.693,9.377,11.82,9.47,2.175,0.441
292,38.204,27.083,11.382,11.667,9.527,1.784,0.354
293,35.973,29.881,9.476,10.854,9.774,2.658,1.384
294,40.185,28.237,10.023,8.587,9.613,2.529,0.827
295,36.766,30.999,10.925,10.283,8.079,2.118,0.831
296,37.092,28.787,10.331,11.06,10.595,1.837,0.298
297,39.66,28.848,8.99,9.612,9.98,2.501,0.41
298,37.555,29.071,10.872,9.706,9.914,2.453,0.428
299,36.514,30.681,9.094,10.22,10.637,2.262,0.593
300,36.598,30.531,10.176,10.096,9.396,2.301,0.902
301,39.557,28.594,9.25,10.022,10.035,1.341,1.202
302,38.815,28.78,7.546,12.383,9.87,2.218,0.389
303,39.466,29.619,9.584,9.161,8.98,2.29,0.9
304,37.845,29.915,8.999,11.222,9.743,1.511,0.765
305,37.264,28.424,10.224,10.592,10.463,2.061,0.972
306,38.591,27.656,9.202,12.669,9.661,1.404,0.818
307,38.245,27.939,10.351,10.073,10.027,2.544,0.82
308,38.892,28.076,9.479,11.193,8.913,2.762,0.686
309,38.573,28.853,10.067,9.109,10.936,1.92,0.541
310,34.196,31.404,10.118,11.983,9.112,2.513,0.674
311,36.738,29.715,10.431,9.411,11.242,1.584,0.879
312,38.528,28.192,10.121,10.175,8.937,3.364,0.683
313,35.121,29.537,10.401,11.879,10.501,2.275,0.284
314,38.989,28.671,9.43,10.768,8.704,2.599,0.838
315,37.974,29.69,9.483,10.776,9.277,2.369,0.43
316,35.058,31.64,9.494,10.996,9.342,2.197,1.273
317,39.59,29.481,8.628,11.158,8.631,1.923,0.589
318,37.532,29.737,9.018,11.249,10.18,1.494,0.79
319,36.185,29.534,11.214,10.162,10.251,2.401,0.253
320,40.521,28.841,9.433,9.141,8.741,2.293,1.03
321,38.664,29.882,9.971,9.969,8.16,2.886,0.468
322,36.627,30.536,8.702,11.801,9.224,2.195,0.915
323,35.567,31.089,10.522,9.788,10.205,1.835,0.994
324,37.63,29.146,10.616,10.31,9.993,2.23,0.075
325,42.532,28.167,8.351,9.496,9.428,1.638,0.387
326,37.219,28.496,10.786,11.05,10.066,1.681,0.702
327,37.385,29.029,10.008,10.837,9.828,2.262,0.651
328,40.238,29.49,8.464,9.754,8.635,2.707,0.712
329,39.573,28.557,9.926,8.31,10.02,3.054,0.56
330,39.088,28.208,9.463,11.447,8.155,2.669,0.969
331,37.457,30.163,9.357,11.746,7.947,2.352,0.978
332,37.674,30.286,9.442,10.51,9.273,2.338,0.477
333,38.556,27.939,8.965,11.643,10.113,2.292,0.492
334,38.49,27.765,11.342,9.981,9.725,2.179,0.517
335,36.092,31.172,9.246,9.975,10.643,1.792,1.079
336,38.296,30.58,9.308,9.164,9.402,2.687,0.564
337,39.494,28.164,9.942,10.413,9.281,2.273,0.434
338,38.417,29.596,10.115,9.788,8.852,2.408,0.823
339,40.181,26.026,10.602,10.463,9.449,2.789,0.49
340,37.73,30.754,9.226,10.954,9.874,1.392,0.071
341,37.375,29.343,11.695,8.77,9.422,2.513,0.883
342,37.634,30.519,10.046,9.876,9.258,2.467,0.198
343,38.527,29.976,9.142,10.667,9.368,1.881,0.439
344,38.45,30.288,9.224,10.841,8.938,1.868,0.39
345,36.973,30.22,9.806,8.792,9.588,3.463,1.158
346,38.171,30.102,8.276,10.675,9.93,2.429,0.417
347,36.411,32.538,7.394,11.295,9.982,1.711,0.669
348,34.573,32.324,9.016,9.942,11.093,1.85,1.203
349,37.859,29.389,9.402,10.786,9.437,2.63,0.496
350,39.84,29.562,8.939,9.047,9.622,2.61,0.38
351,39.41,30.316,8.491,10.123,8.036,2.233,1.39
352,39.843,28.699,8.592,10.123,10.36,2.098,0.285
353,38.085,29.763,8.651,9.078,10.648,2.543,1.233
354,38.758,28.065,9.188,12.604,8.892,2.061,0.43
355,37.259,31.021,9.87,8.888,10.561,1.783,0.617
356,37.651,28.944,9.492,10.337,10.164,2.413,0.999
357,36.386,30.735,8.659,10.782,9.761,2.884,0.793
358,35.059,27.986,10.561,11.508,11.593,2.28,1.013
359,35.037,30.652,9.992,11.58,10.15,2.301,0.29
360,36.542,29.743,9.763,10.794,9.949,2.226,0.984
361,38.337,30.315,8.702,9.389,10.036,2.257,0.964
362,38.386,29.668,8.671,11.36,8.444,2.309,1.162
363,36.404,29.961,9.686,10.313,11.344,1.726,0.566
364,38.678,29.311,9.233,10.08,9.737,2.057,0.903
365,39.014,27.873,8.792,10.679,10.333,2.599,0.71
366,35.055,32.357,10.447,8.956,10.097,2.136,0.952
367,37.982,29.265,9.883,10.273,9.429,3.015,0.153
368,38.538,27.644,10.372,11.002,9.222,2.232,0.99
369,37.971,31.477,9.457,9.517,8.864,1.828,0.886
370,36.51,31.071,8.711,11.817,8.994,2.08,0.817
371,37.382,27.214,10.223,11.431,9.948,2.916,0.885
372,37.652,29.531,9.893,10.777,9.202,2.164,0.781
373,36.929,29.172,9.845,12.519,7.494,3.087,0.954
374,37.12,28.908,9.276,9.661,11.488,3.139,0.407
375,36.861,26.281,9.833,11.39,11.714,3.317,0.604
376,38.135,28.045,9.23,10.536,10.312,2.981,0.761
377,39.094,28.961,9.51,9.589,9.621,2.56,0.665
378,35.848,30.572,9.449,12.371,8.729,2.173,0.856
379,38.111,28.607,8.603,10.955,10.605,2.301,0.816
380,37.386,29.614,9.923,10.583,8.988,2.807,0.7
381,38.095,31.491,9.851,8.883,9.096,1.566,1.018
382,39.378,28.207,8.631,10.109,10.447,2.488,0.741
383,38.051,27.964,10.231,10.058,9.76,2.785,1.151
384,36.759,30.994,8.885,9.957,10.821,2.025,0.559
385,38.645,28.652,10.139,10.62,8.874,2.492,0.579
386,37.021,31.158,8.632,10.8,9.204,2.354,0.83
387,35.56,31.341,9.187,10.616,10.832,2.038,0.426
388,40.433,28.388,9.604,10.31,8.89,1.874,0.502
389,37.134,29.202,10.784,10.327,9.37,2.075,1.109
390,36.933,27.608,10.027,11.808,10.582,2.772,0.27
391,38.063,25.998,10.385,12.894,10.049,1.885,0.725
392,36.76,29.524,10.232,10.065,10.064,2.424,0.93
393,36.831,30.162,9.491,10.597,9.933,2.104,0.882
394,37.773,26.445,10.912,10.783,9.899,3.075,1.113
395,39.21,30.205,8.384,10.579,10.005,1.434,0.183
396,37.584,32.246,8.84,9.694,8.903,2.256,0.477
397,34.666,30.437,11.225,11.776,8.996,2.53,0.369
398,38.987,28.599,11.157,9.926,8.564,1.669,1.099
399,36.685,27.839,9.775,12.514,10.38,2.174,0.634
400,36.209,31.53,9.105,10.495,9.931,1.705,1.026
401,38.524,28.928,10.859,10.679,8.362,1.727,0.921
402,36.77,29.428,10.919,10.946,8.302,2.357,1.277
403,35.659,31.908,9.607,9.831,9.179,2.987,0.828
404,37.49,29.275,10.241,10.463,9.905,2.122,0.505
405,39.185,29.956,8.781,10.689,8.455,1.982,0.952
406,38.226,29.237,10.577,9.767,8.203,3.168,0.821
407,38.646,32.312,7.521,8.802,9.133,2.396,1.191
408,36.308,29.219,10.366,11.767,8.485,2.773,1.082
409,40.284,27.643,7.583,12.409,10.088,1.683,0.311
410,38.471,28.875,9.905,9.954,8.513,3.766,0.515
411,35.65,32.915,9.436,9.662,9.348,2.202,0.787
412,39.071,29.868,8.915,10.277,8.521,3.044,0.304
413,36.334,32.836,8.777,9.772,9.28,2.183,0.818
414,38.968,28.088,10.115,11.087,8.759,2.089,0.895
415,38.607,30.57,10.687,9.793,7.92,1.703,0.721
416,38.305,29.599,9.989,9.505,9.446,2.209,0.948
417,35.842,29.184,10.339,11.301,10.863,2.02,0.451
418,38.651,28.235,10.735,10.689,8.11,2.536,1.043
419,37.826,30.663,9.996,10.485,8.398,2.369,0.263
420,37.685,32.036,8.231,9.948,9.144,2.01,0.947
421,37.735,30.464,7.99,9.853,11.17,1.77,1.018
422,39.204,29.969,10.158,10.653,7.641,2.053,0.321
423,35.873,29.165,9.57,11.47,10.413,2.932,0.577
424,36.769,29.767,10.106,11.522,8.516,2.441,0.879
425,39.131,30.625,10.686,9.604,8.293,1.435,0.227
426,40.598,26.88,9.787,9.476,10.607,2.431,0.222
427,40.839,29.584,10.293,8.19,8.573,2.043,0.477
428,39.636,27.731,10.04,9.13,10.308,2.197,0.957
429,37.147,28.781,10.904,10.306,9.57,2.358,0.933
430,36.793,30.26,9.752,9.734,10.185,2.374,0.902
431,38.882,29.169,11.151,10.031,9.271,1.065,0.432
432,36.474,30.409,10.39,10.093,9.335,2.58,0.72
433,36.765,31.312,8.211,11.201,9.037,2.522,0.951
434,39.551,28.98,9.319,10.508,8.777,2.341,0.523
435,38.812,30.902,9.394,10.16,8.071,1.96,0.701
436,34.728,30.879,10.186,11.549,9.32,2.536,0.803
437,35.796,28.681,11.691,10.512,9.261,2.946,1.113
438,39.119,28.288,9.674,7.769,11.814,2.756,0.58
439,37.699,30.714,7.579,10.511,9.975,2.802,0.719
440,37.374,29.084,11.994,11.064,7.911,1.8,0.774
441,35.261,28.819,10.343,10.823,11.904,1.829,1.021
442,39.549,27.925,10.315,10.336,9.444,1.458,0.974
443,39.756,25.976,12.024,10.011,8.919,2.677,0.636
444,37.508,29.793,9.53,10.876,8.678,3.14,0.476
445,38.191,28.062,10.447,10.383,10.596,1.784,0.537
446,35.86,32.455,9.336,10.881,8.697,2.089,0.682
447,36.952,29.844,9.536,10.086,10.561,2.132,0.888
448,36.782,31.229,9.386,10.799,9.601,1.672,0.53
449,37.444,27.429,10.618,11.466,10.035,2.043,0.966
450,37.918,29.358,10.205,10.991,8.826,1.982,0.72
451,37.016,28.451,11.2,10.978,9.95,2.124,0.281
452,40.272,26.684,9.615,10.873,9.81,1.948,0.798
453,37.167,31.219,8.264,10.979,9.187,2.538,0.647
454,41.237,26.994,10.865,9.505,8.019,2.49,0.89
455,35.686,30.038,10.808,10.596,9.007,2.959,0.906
456,37.714,28.979,10.633,11.221,8.495,1.734,1.224
457,37.428,28.721,10.052,10.002,10.121,2.954,0.723
458,37.202,28.689,8.802,11.649,10.362,2.683,0.613
459,38.52,30.752,8.384,9.577,9.38,2.38,1.007
460,36.088,30.39,9.633,10.394,10.412,1.709,1.374
461,38.499,31.302,7.425,10.586,9.011,2.262,0.915
462,38.189,30.431,9.765,9.218,9.614,2.24,0.544
463,36.714,30.521,9.185,10.778,9.963,2.05,0.788
464,37.913,29.128,8.929,11.019,9.682,2.481,0.849
465,37.14,29.698,9.8,9.61,10.683,2.26,0.809
466,36.223,30.191,10.206,10.144,10.006,2.062,1.168
467,36.283,28.384,10.067,11.989,10.48,2.368,0.429
468,37.897,28.775,9.553,10.447,9.704,2.982,0.641
469,38.478,29.497,9.479,11.899,7.251,2.661,0.735
470,38.606,29.986,8.955,10.718,8.554,2.564,0.617
471,39.456,28.535,9.548,10.355,9.066,2.448,0.593
472,38.521,28.578,8.984,11.16,10.134,1.861,0.762
473,37.673,29.691,9.487,10.707,9.817,2.158,0.467
474,36.899,31.258,11.065,8.019,10.126,1.729,0.905
475,36.685,29.604,11.349,10.405,8.349,2.113,1.495
476,38.318,27.259,10.543,11.114,10.571,1.937,0.258
477,35.67,31.076,9.776,10.993,9.602,2.339,0.545
478,36.776,28.909,10.978,10.561,9.879,2.336,0.561
479,37.562,28.392,10.06,10.259,10.22,2.579,0.927
480,38.098,30.367,9.322,10.538,8.96,1.843,0.873
481,35.903,29.84,10.246,9.978,9.87,3.234,0.928
482,36.804,28.88,10.025,11.125,10.129,2.419,0.618
483,39.67,27.125,9.645,11.16,8.846,2.685,0.869
484,39.61,26.505,9.803,11.76,9.917,2.047,0.358
485,40.036,29.015,9.163,10.991,7.923,1.982,0.889
486,41.361,27.025,8.767,10.43,9.091,2.296,1.03
487,37.787,27.784,10.69,10.83,9.316,2.596,0.996
488,36.55,32.25,8.769,9.4,9.494,2.492,1.045
489,38.362,30.623,10.728,8.927,8.198,2.431,0.732
490,37.154,30.444,9.557,10.687,9.629,1.618,0.911
491,38.97,30.147,9.526,11.039,7.93,2.037,0.351
492,36.178,27.03,11.116,12.214,10.523,2.229,0.71
493,36.502,28.965,10.936,11.175,9.577,1.838,1.007
494,37.859,30.085,9.612,10.054,9.43,2.312,0.648
495,37.217,29.322,9.802,10.642,9.742,2.369,0.907
496,37.986,29.075,7.897,11.623,9.567,3.191,0.661
497,39.853,26.111,10.363,10.395,9.917,2.429,0.933
498,37.703,30.202,9.254,10.337,9.265,2.674,0.564
499,37.259,32.642,9.025,10.751,8.17,1.728,0.426
500,39.063,27.955,9.326,11.611,9.47,1.811,0.763
501,34.384,30.878,8.657,13.218,10.127,1.882,0.854
502,37.333,29.382,9.458,10.961,9.437,2.87,0.558
503,36.135,31.88,9.3,10.636,9.044,2.36,0.645
504,36.163,29.166,10.497,9.978,10.784,2.818,0.595
505,37.348,30.883,9.061,9.964,9.637,2.087,1.02
506,36.445,28.493,10.497,10.929,10.299,2.871,0.465
507,35.234,30.6,9.605,11.289,10.453,2.008,0.811
508,38.64,28.519,9.312,11.453,9.526,2.105,0.444
509,38.273,27.392,10.68,11.052,9.552,2.341,0.711
510,38.312,30.875,7.993,10.283,10.361,1.491,0.684
511,36.919,29.526,9.847,10.531,10.082,2.545,0.55
512,37.548,30.042,10.841,10.157,9.404,1.602,0.405
513,38.518,27.422,10.363,10.81,9.713,2.745,0.43
514,39.408,27.567,9.56,9.462,10.951,2.012,1.04
515,38.141,28.555,10.151,10.727,9.386,2.091,0.948
516,38.924,29.505,9.323,9.383,9.871,1.94,1.054
517,37.624,28.323,9.961,10.512,9.887,2.888,0.804
518,38.329,30.059,10.748,9.014,9.81,1.487,0.553
519,39.62,27.642,10.719,8.848,9.785,2.453,0.933
520,37.071,32.334,9.09,9.381,10.331,0.808,0.984
521,39.07,28.905,10.886,9.301,9.212,2.36,0.265
522,38.925,29.029,10.483,10.975,8.132,2.445,0.013
523,37.146,29.436,10.737,11.805,8.821,1.815,0.239
524,40.184,28.818,9.647,10.037,9.411,1.559,0.344
525,38.356,30.21,8.397,10.716,9.202,1.97,1.147
526,39.55,27.762,10.891,10.747,8.754,1.067,1.229
527,40.076,28.509,9.207,9.782,10.12,1.932,0.373
528,36.691,30.98,9.007,9.705,10.318,2.648,0.652
529,38.71,30.636,9.282,9.705,8.521,2.358,0.788
530,36.701,29.321,10.323,10.862,9.516,2.164,1.114
531,39.908,28.961,8.947,10.378,8.795,2.27,0.741
532,36.854,29.417,9.111,10.495,10.173,2.957,0.992
533,39.855,27.931,8.029,10.655,9.485,3.066,0.98
534,38.357,30.07,10.236,9.771,9.691,1.521,0.354
535,36.064,30.092,11.425,9.932,8.804,2.651,1.031
536,39.257,29.564,9.891,10.967,7.545,2.537,0.238
537,39.572,30.448,7.832,10.28,8.998,2.224,0.645
538,37.021,29.51,9.644,10.712,9.905,2.436,0.772
539,35.993,32.906,7.003,9.66,10.177,3.269,0.993
540,37.055,30.96,7.783,10.722,10.859,1.579,1.041
541,37.695,29.835,9.719,10.08,9.507,1.995,1.169
542,36.816,30.051,11.139,10.688,9.745,1.261,0.3
543,39.594,27.297,10.725,9.991,9.834,2.024,0.535
544,38.792,29.398,8.952,10.48,9.108,2.365,0.904
545,35.338,30.189,9.458,10.936,11.03,2.251,0.797
546,38.299,29.52,8.674,10.866,9.87,2.151,0.619
547,36.302,29.335,10.099,10.717,10.302,2.352,0.892
548,39.893,28.344,10.67,9.082,9.582,1.628,0.801
549,38.05,27.638,11.198,10.567,8.884,2.597,1.067
550,39.351,27.967,9.715,11.264,8.874,2.5,0.33
551,36.032,30.965,10.614,8.9,10.395,2.562,0.532
552,39.693,28.167,7.52,12.149,9.078,2.672,0.721
553,38.113,30.414,9.442,8.815,10.463,1.987,0.766
554,35.969,30.374,10.858,9.904,9.892,2.072,0.93
555,35.119,30.049,10.269,10.364,11.116,2.152,0.932
556,39.273,27.638,9.944,10.307,9.938,2.146,0.754
557,36.206,29.044,11.261,10.372,10.078,2.394,0.644
558,38.361,30.124,10.038,9.301,9.245,2.244,0.687
559,36.118,29.416,11.214,11.401,9.451,1.706,0.694
560,37.062,30.669,8.884,9.378,10.268,3.013,0.726
561,36.894,30.047,9.549,10.781,9.81,2.167,0.752
562,37.258,29.909,11.224,10.48,8.474,2.083,0.572
563,36.971,32.625,8.964,9.671,8.591,2.233,0.947
564,38.486,29.592,8.556,8.944,10.902,2.392,1.128
565,36.979,28.927,10.798,10.096,10.631,2.549,0.02
566,35.937,30.073,10.268,10.256,10.245,2.437,0.784
567,39.251,29.004,10.002,9.116,8.653,2.524,1.449
568,37.124,27.056,12.226,10.269,10.261,1.912,1.152
569,37.445,29.726,9.204,10.43,9.715,2.368,1.112
570,37.225,29.14,8.574,11.491,10.816,1.768,0.987
571,37.009,28.263,10.395,10.064,10.458,2.753,1.059
572,39.848,28.011,8.08,10.95,9.831,2.566,0.713
573,41.143,28.375,9.018,9.087,10.248,1.866,0.264
574,39.298,29.005,10.17,10.654,8.259,2.002,0.611
575,37.199,29.768,10.087,10.091,10.481,1.678,0.696
576,40.872,28.196,7.989,11.065,8.957,2.11,0.81
577,38.678,29.328,9.772,9.007,9.679,2.512,1.023
578,38.416,29.547,9.232,9.374,9.916,2.908,0.606
579,38.806,28.913,8.839,11.226,9.228,2.451,0.537
580,38.458,29.216,11.521,9.033,9.014,1.772,0.986
581,36.453,29.399,11.268,10.739,9.359,2.659,0.123
582,38.173,29.062,9.83,9.541,10.269,2.595,0.531
583,37.338,29.955,10.519,11.102,8.03,2.248,0.807
584,38.939,29.39,8.102,11.287,10.06,1.093,1.129
585,39.909,28.73,8.48,11.736,7.949,2.509,0.688
586,41.337,28.329,10.237,7.596,9.708,2.126,0.667
587,37.243,29.453,9.612,10.01,10.88,2.357,0.446
588,39.398,26.333,9.943,10.64,10.309,2.328,1.049
589,35.993,30.935,10.399,10.52,8.985,2.322,0.847
590,37.868,29.203,10.008,9.324,10.913,1.701,0.983
591,38.024,28.472,9.742,10.45,9.817,2.556,0.938
592,37.111,29.016,9.475,10.65,10.106,2.399,1.243
593,36.273,27.065,10.857,12.765,10.281,1.958,0.8
594,36.104,31.221,8.916,11.355,9.402,1.865,1.137
595,38.239,29.829,10.971,9.916,8.492,1.984,0.569
596,37.228,31.463,10.192,9.876,8.222,2.112,0.907
597,35.23,30.084,10.749,11.469,9.909,1.418,1.141
598,38.457,29.713,9.065,10.157,9.703,2.473,0.433
599,37.353,28.488,9.35,11.682,9.397,2.795,0.935
600,38.446,28.95,10.804,10.284,9.741,1.66,0.115
601,37.441,29.633,10.482,10.399,8.693,2.199,1.154
602,38.672,28.851,10.269,10.848,8.848,1.842,0.67
603,37.645,28.262,9.776,11.928,9.137,2.388,0.865
604,37.699,30.055,10.855,9.823,8.161,2.648,0.759
605,38.444,27.702,8.968,11.437,9.848,2.998,0.603
606,36.268,26.554,11.469,11.888,10.32,2.976,0.524
607,38.456,31.349,8.238,9.049,10.06,2.27,0.578
608,36.222,29.339,10.875,11.222,9.429,1.995,0.917
609,35.427,31.351,10.041,11.504,9.251,1.85,0.577
610,37.214,30.075,9.651,10.534,9.49,2.804,0.232
611,36.855,30.939,9.921,11.021,9.138,1.667,0.458
612,37.395,28.599,9.099,10.577,11.108,2.25,0.972
613,37.33,28.483,11.111,10.029,9.935,2.338,0.774
614,36.351,29.165,9.68,10.51,11.189,2.025,1.08
615,38.72,29.195,10.152,10.05,9.018,2.145,0.72
616,37.964,29.205,10.801,10.399,9.215,1.8,0.614
617,36.112,32.816,9.404,9.595,9.529,1.686,0.858
618,39.886,30.657,8.706,9.709,8.64,2.058,0.345
619,39.37,28.76,9.632,11.285,8.889,1.782,0.283
620,36.148,30.206,10.125,10.664,9.654,2.037,1.165
621,38.495,28.512,10.754,10.228,9.274,2.117,0.618
622,38.492,30.552,8.186,10.816,9.539,1.876,0.541
623,37.74,31.139,10.86,9.915,7.617,1.846,0.884
624,38.253,29.236,10.994,10.235,8.617,2.245,0.419
625,37.126,28.347,7.883,12.495,10.348,3.333,0.467
626,36.529,31.135,9.554,10.712,8.537,2.719,0.815
627,37.841,26.748,10.055,10.868,10.729,2.949,0.809
628,36.445,30.031,9.55,12.005,9.18,1.945,0.844
629,38.07,27.888,9.284,10.905,9.993,2.824,1.035
630,38.237,28.9,9.984,10.468,9.134,2.725,0.552
631,38.688,27.144,9.599,11.043,10.119,3.149,0.259
632,40.253,27.411,10.765,10.144,8.128,2.677,0.622
633,39.007,29.145,9.304,10.427,10.131,1.495,0.49
634,36.989,28.957,10.989,11.159,8.265,2.935,0.706
635,37.953,31.422,7.988,10.634,9.256,2.117,0.631
636,35.942,29.771,9.828,11.542,9.256,2.573,1.088
637,37.207,27.739,11.309,9.989,10.362,2.934,0.458
638,34.539,31.423,10.014,10.505,10.091,2.775,0.654
639,36.175,30.602,9.283,9.744,9.197,4.21,0.789
640,34.936,27.296,11.593,12.131,11.008,2.177,0.86
641,37.326,29.255,8.746,11.651,9.475,2.766,0.781
642,36.853,30.878,8.824,9.929,10.507,2.185,0.824
643,36.792,30.284,10.717,10.815,8.971,1.533,0.889
644,38.928,29.761,9.841,8.419,9.313,2.728,1.011
645,38.944,28.737,8.159,11.44,10.25,2.266,0.203
646,36.216,29.158,10.903,12.388,8.225,2.02,1.091
647,36.823,30.238,8.109,11.668,10.167,2.221,0.775
648,34.013,28.252,12.08,10.521,11.706,2.549,0.879
649,35.585,28.753,10.444,11.463,11.302,2.01,0.444
650,37.864,30.623,8.254,10.829,9.049,2.334,1.047
651,37.833,28.145,10.353,10.703,9.789,2.615,0.563
652,39.273,29.499,8.814,9.947,10.305,2.139,0.023
653,37.452,27.666,10.218,11.87,9.786,2.251,0.757
654,37.66,28.739,9.854,11.17,10.354,1.876,0.346
655,38.693,29.589,10.373,12.158,7.556,1.445,0.186
656,36.998,30.005,10.547,10.331,9.235,2.476,0.409
657,38.171,31.178,9.409,10.683,8.41,2.144,0.005
658,34.59,28.349,9.06,12.74,11.56,3.007,0.694
659,39.482,30.628,8.441,8.767,9.803,2.024,0.856
660,36.517,31.392,9.58,10.483,9.467,2.137,0.424
661,38.291,28.996,9.972,10.613,9.413,2.392,0.323
662,36.64,28.146,9.877,11.301,10.028,2.712,1.296
663,37.635,28.18,11.183,10.257,9.518,2.951,0.276
664,41.317,29.287,9.692,8.911,6.739,2.789,1.265
665,38.999,28.858,9.548,10.572,8.384,2.849,0.791
666,39.71,30.043,10.16,9.095,8.601,1.982,0.411
667,39.766,28.697,9.942,10.029,8.885,1.756,0.925
668,37.852,27.478,9.31,11.157,10.777,2.49,0.936
669,35.885,31.399,8.374,10.482,9.979,3.605,0.275
670,39.884,27.379,8.34,10.346,10.188,2.726,1.138
671,37.618,29.267,9.77,12.085,9.061,1.649,0.551
672,38.078,28.281,10.599,9.086,10.532,2.767,0.656
673,38.47,29.191,10.489,8.339,10.189,2.56,0.761
674,38.164,28.928,9.571,11.011,9.037,2.507,0.783
675,38.199,30.516,11.021,9.716,8.215,2.004,0.33
676,36.967,30.34,10.966,10.033,9.349,1.992,0.354
677,36.857,28.804,8.957,11.612,9.523,3.32,0.927
678,39.567,28.715,8.569,11.925,8.7,2.022,0.502
679,39.034,26.937,10.732,11.236,10.049,1.636,0.376
680,37.451,28.906,10.222,10.506,9.419,2.811,0.685
681,37.887,31.685,8.599,9.413,9.997,1.567,0.85
682,37.947,30.95,9.939,11.045,7.822,1.973,0.325
683,36.287,30.103,8.542,10.861,12.237,1.392,0.579
684,39.313,28.414,11.312,10.305,7.269,2.67,0.716
685,36.212,31.533,8.529,10.247,10.552,2.431,0.496
686,36.922,28.381,9.616,11.021,10.575,3.103,0.382
687,37.118,26.829,11.441,9.661,11.24,2.38,1.333
688,37.247,27.88,9.976,11.684,9.74,2.538,0.936
689,36.491,28.761,8.387,11.648,10.747,3.107,0.858
690,38.301,27.808,9.468,11.707,9.439,2.102,1.175
691,38.066,29.538,10.014,10.212,8.82,2.87,0.479
692,38.561,29.501,9.245,9.593,9.805,2.496,0.799
693,37.262,28.249,10.358,10.863,9.866,2.705,0.696
694,37.519,28.832,9.863,11.196,9.844,1.736,1.01
695,40.592,27.876,9.138,9.505,10.433,1.504,0.952
696,38.854,30.03,9.187,10.391,9.691,1.525,0.321
697,37.405,27.017,10.678,11.047,10.56,3.191,0.103
698,38.812,28.742,9.642,10.523,8.903,2.772,0.606
699,39.425,27.489,9.563,10.126,10.91,2.283,0.204
700,39.783,28.815,8.565,9.121,10.901,2.052,0.764
701,36.601,30.202,11.556,10.393,8.552,1.84,0.857
702,36.034,30.416,9.078,10.744,9.856,2.788,1.083
703,37.004,30.292,10.444,10.619,9.25,1.634,0.758
704,37.093,29.306,9.616,11.247,9.981,2.049,0.708
705,39.465,29.807,8.509,9.81,8.462,3.188,0.758
706,37.28,29.562,8.773,12.291,8.723,2.749,0.622
707,39.403,28.681,9.012,10.79,9.347,2.169,0.599
708,36.199,27.288,12.676,12.139,8.344,2.667,0.688
709,35.642,29.319,11.363,10.395,9.098,3.103,1.079
710,38.222,30.116,9.386,10.817,8.815,2.074,0.57
711,38.551,27.431,9.528,12.564,8.922,2.41,0.594
712,36.086,30.834,9.534,12.0,8.149,2.697,0.7
713,36.78,29.805,10.735,11.63,9.045,1.311,0.695
714,38.975,28.986,9.642,9.396,10.401,2.088,0.513
715,37.937,30.659,9.282,10.712,8.818,1.815,0.777
716,38.16,29.273,11.007,9.752,9.778,1.859,0.172
717,38.166,28.762,10.416,9.894,9.916,2.019,0.828
718,38.478,29.185,9.657,10.261,9.873,2.269,0.277
719,39.583,29.483,9.206,8.874,9.728,2.39,0.735
720,38.487,28.159,10.441,9.726,10.068,2.263,0.855
721,38.13,29.287,11.455,10.16,8.705,1.572,0.689
722,35.889,30.682,9.957,10.483,10.176,2.154,0.659
723,37.515,28.828,8.689,11.847,9.347,3.02,0.754
724,34.845,31.698,9.875,11.199,9.158,2.457,0.769
725,38.579,30.291,8.119,11.394,8.737,2.065,0.815
726,39.368,30.468,8.421,8.745,10.185,2.437,0.376
727,37.091,30.044,9.422,10.801,9.528,2.38,0.733
728,39.031,29.29,10.666,11.109,7.597,1.835,0.473
729,37.046,29.357,9.876,11.602,9.22,2.082,0.818
730,37.838,28.722,9.948,9.326,11.421,2.32,0.425
731,39.772,25.238,11.222,10.077,9.904,3.029,0.758
732,39.788,27.783,9.151,10.84,8.843,2.661,0.935
733,39.802,30.183,8.572,10.296,9.646,1.146,0.355
734,37.402,30.524,10.671,9.994,8.397,2.121,0.891
735,37.532,29.73,8.149,11.254,9.557,2.574,1.204
736,36.933,29.254,11.882,10.4,8.873,2.075,0.583
737,39.825,29.257,10.233,8.864,9.023,2.264,0.534
738,37.718,30.182,10.084,11.007,9.292,1.565,0.151
739,39.766,29.956,8.167,9.179,10.347,1.895,0.69
740,36.372,31.538,8.989,10.895,9.42,1.991,0.795
741,36.257,33.326,10.502,8.746,8.996,1.434,0.739
742,36.912,31.231,9.181,10.101,10.225,1.527,0.822
743,38.542,27.344,10.527,10.451,9.926,2.35,0.859
744,37.533,30.219,9.046,10.195,10.062,2.211,0.734
745,38.645,30.049,9.426,9.659,9.367,2.389,0.465
746,37.863,29.367,9.679,10.236,9.962,2.321,0.573
747,37.904,30.327,9.494,9.779,9.401,2.318,0.777
748,37.078,28.861,8.521,12.439,9.64,2.78,0.682
749,36.822,28.622,10.965,10.737,9.787,2.31,0.758
750,40.937,28.427,10.351,8.669,8.325,2.727,0.564
751,38.694,28.706,10.854,10.685,9.403,0.961,0.696
752,37.946,29.053,8.85,10.577,10.328,2.419,0.827
753,38.41,29.176,11.179,9.7,9.175,2.003,0.357
754,36.973,29.09,11.058,9.876,9.627,2.583,0.792
755,38.242,29.442,8.541,11.876,9.105,2.01,0.784
756,37.731,28.498,9.864,11.239,8.714,2.894,1.06
757,37.727,28.877,9.796,10.808,9.664,2.353,0.775
758,40.446,29.355,10.112,9.844,7.71,1.944,0.588
759,36.96,29.182,10.69,10.533,9.337,2.584,0.714
760,36.042,30.436,8.519,10.582,11.048,2.898,0.476
761,39.708,27.871,10.133,10.767,9.328,1.675,0.518
762,37.487,29.415,11.036,9.671,9.568,2.264,0.56
763,36.685,28.679,10.771,10.399,10.347,2.835,0.283
764,39.29,29.265,10.515,11.147,7.538,2.051,0.193
765,38.559,31.226,8.178,10.143,8.917,2.243,0.735
766,34.317,29.935,9.984,11.532,10.132,3.476,0.624
767,36.885,31.283,9.139,10.371,8.968,2.58,0.774
768,38.166,29.739,9.145,9.652,10.23,2.591,0.476
769,35.679,29.856,10.022,11.396,9.877,2.227,0.942
770,36.983,30.254,11.096,10.68,8.293,2.237,0.458
771,36.684,30.519,8.464,11.352,9.112,2.928,0.941
772,36.459,31.765,9.958,9.412,9.109,2.369,0.928
773,38.563,30.594,9.683,8.648,8.929,3.052,0.531
774,37.541,29.742,10.563,10.809,8.815,1.619,0.91
775,37.534,28.287,11.599,11.309,8.488,2.121,0.662
776,35.869,32.374,10.806,10.086,8.904,1.799,0.162
777,36.795,29.846,9.526,11.082,10.075,2.308,0.368
778,37.151,27.91,10.446,10.27,10.123,2.869,1.231
779,37.975,31.553,8.746,9.119,9.544,2.573,0.49
780,37.952,28.037,9.62,9.873,10.928,2.677,0.912
781,39.201,31.87,8.15,9.278,8.271,2.462,0.768
782,38.948,28.927,9.509,11.242,9.168,1.366,0.841
783,38.915,28.68,10.431,10.818,8.91,1.581,0.665
784,36.565,30.281,9.684,11.495,9.482,2.114,0.378
785,38.749,28.245,8.488,10.605,10.082,2.292,1.54
786,38.896,31.165,10.671,8.699,7.663,1.998,0.907
787,37.728,29.989,8.743,9.483,11.1,2.16,0.797
788,37.119,28.452,9.494,12.539,10.192,1.519,0.686
789,38.062,26.702,9.861,12.173,11.032,1.417,0.754
790,36.893,30.632,9.308,11.309,8.287,2.826,0.745
791,38.074,29.722,11.518,9.173,8.301,2.562,0.65
792,39.929,30.555,8.109,8.715,9.729,2.111,0.851
793,38.963,27.73,9.682,10.643,10.001,2.51,0.472
794,38.336,30.256,7.036,9.898,11.539,2.315,0.62
795,38.999,27.866,10.272,12.022,7.908,2.09,0.842
796,37.944,27.918,10.889,9.961,10.346,1.968,0.975
797,37.32,30.708,8.36,10.653,10.125,1.407,1.428
798,38.071,29.491,9.113,10.62,9.419,2.297,0.989
799,36.785,30.14,9.314,10.277,9.982,2.461,1.04
800,36.613,30.117,10.03,10.561,9.49,2.435,0.754
801,37.926,27.367,9.173,10.422,12.283,1.979,0.85
802,36.871,29.159,9.473,10.575,10.293,2.131,1.499
803,36.491,28.531,9.862,9.981,11.364,2.473,1.297
804,38.525,28.14,12.665,10.235,8.214,1.759,0.462
805,38.107,28.622,8.185,12.088,9.595,2.354,1.049
806,37.063,28.922,10.506,11.432,9.596,1.824,0.656
807,35.066,31.155,9.404,11.3,9.719,2.429,0.927
808,34.256,31.681,11.19,10.68,9.348,2.477,0.367
809,35.624,30.353,10.07,10.373,9.902,2.679,1.0
810,37.994,28.834,8.734,11.831,10.16,2.312,0.134
811,37.321,30.883,8.945,10.468,8.951,2.544,0.888
812,38.502,29.622,9.197,9.997,9.636,2.622,0.424
813,38.343,30.49,9.802,10.045,8.687,1.823,0.811
814,37.314,30.489,9.722,9.6,9.89,1.977,1.009
815,39.453,29.391,9.935,9.929,9.53,1.447,0.315
816,36.338,30.632,9.434,11.809,9.264,1.397,1.125
817,35.513,29.933,10.656,10.91,10.126,2.56,0.302
818,37.266,27.073,10.486,10.756,10.691,2.963,0.766
819,38.561,28.951,9.447,10.192,8.78,2.894,1.175
820,40.235,29.274,8.479,9.953,9.034,2.271,0.755
821,37.215,30.652,9.324,10.552,9.709,1.877,0.672
822,37.708,29.157,9.693,10.237,10.476,1.991,0.74
